[ 0.00411437  0.08313693  0.9127487 ]
[ 0.08209562  0.04017976  0.87772462]
[ 0.0378208   0.04622995  0.91594925]
[ 0.89539278  0.04063938  0.06396785]
[ 0.04790745  0.02518229  0.92691027]
[ 0.0395692   0.90221235  0.05821844]
[ 0.11746999  0.87826612  0.00426388]
[ 0.00917873  0.8525982   0.13822307]
[ 0.03929109  0.90357279  0.05713612]
[ 0.03869067  0.94866351  0.01264582]
[ 0.05398119  0.02310455  0.92291426]
[ 0.04447524  0.9422487   0.01327606]
[ 0.09015503  0.89049268  0.01935228]
[ 0.12882771  0.85663635  0.01453594]
[ 0.02158442  0.04346414  0.93495144]
[ 0.0759789   0.91865195  0.00536915]
[ 0.02970209  0.94300255  0.02729536]
[ 0.08350351  0.91505918  0.00143731]
[  5.18133365e-02   4.24714976e-04   9.47761949e-01]
[ 0.00305692  0.12459773  0.87234535]
[ 0.92956119  0.05228885  0.01814996]
[ 0.09116541  0.05688997  0.85194462]
[ 0.03552783  0.87629659  0.08817558]
[ 0.03804024  0.9120441   0.04991566]
[ 0.01260585  0.85614915  0.131245  ]
[ 0.01428208  0.92860445  0.05711347]
[ 0.01189461  0.92513129  0.0629741 ]
[ 0.05682613  0.88390751  0.05926635]
[ 0.94836572  0.04328335  0.00835093]
[ 0.12403335  0.00977913  0.86618752]
[ 0.86563232  0.03047176  0.10389592]
[ 0.85107192  0.03371608  0.115212  ]
[ 0.11319007  0.01537731  0.87143263]
[ 0.85116715  0.06815043  0.08068242]
[ 0.9110196  0.0696532  0.0193272]
[ 0.91462895  0.00631948  0.07905157]
[ 0.93065701  0.06620494  0.00313805]
[ 0.87746119  0.07555102  0.04698779]
[ 0.03477624  0.92963546  0.03558829]
[ 0.02561998  0.92346843  0.05091159]
[ 0.03989302  0.92282579  0.03728118]
[ 0.02285544  0.93160279  0.04554176]
[ 0.04135717  0.9486348   0.01000803]
[ 0.0520527   0.94599027  0.00195703]
[ 0.92060724  0.04277678  0.03661598]
[ 0.85330495  0.06766214  0.07903291]
[ 0.88620003  0.07613551  0.03766446]
[ 0.89412876  0.06468474  0.0411865 ]
[ 0.05479858  0.89405303  0.0511484 ]
[ 0.86555014  0.07209901  0.06235085]
[ 0.04102966  0.86662267  0.09234767]
[ 0.8996122   0.05551699  0.04487081]
[ 0.01538803  0.06693406  0.91767791]
[  9.38709018e-01   6.12524313e-02   3.85510525e-05]
[ 0.00679591  0.88670235  0.10650175]
[ 0.04179952  0.93168382  0.02651666]
[ 0.03807854  0.93946815  0.0224533 ]
[ 0.94756452  0.02201478  0.03042069]
[ 0.86304109  0.03243429  0.10452461]
[ 0.01565995  0.05233367  0.93200638]
[ 0.01793291  0.05285803  0.92920907]
[ 0.92509611  0.02501701  0.04988688]
[ 0.00352749  0.13928111  0.85719139]
[ 0.90853248  0.06692223  0.02454529]
[ 0.02028368  0.09550727  0.88420905]
[ 0.0364687   0.03531897  0.92821233]
[ 0.87034254  0.04729334  0.08236412]
[ 0.06846209  0.04736272  0.88417519]
[ 0.06072148  0.07140186  0.86787666]
[ 0.03118568  0.07422307  0.89459125]
[ 0.05551223  0.05089941  0.89358836]
[ 0.01312326  0.03742638  0.94945036]
[ 0.89692944  0.07966396  0.0234066 ]
[ 0.01449364  0.12753847  0.85796788]
[ 0.03307535  0.0547202   0.91220445]
[ 0.89240481  0.09567858  0.01191661]
[ 0.0030748   0.06080047  0.93612473]
[ 0.08453261  0.01326281  0.90220458]
[ 0.0571751   0.01035296  0.93247195]
[ 0.13385738  0.0087738   0.85736882]
[ 0.09196946  0.04342889  0.86460165]
[ 0.08647607  0.01756421  0.89595972]
[ 0.90866267  0.06127318  0.03006415]
[ 0.02453257  0.899609    0.07585843]
[ 0.05151923  0.94271293  0.00576784]
[ 0.01428654  0.94959257  0.03612089]
[ 0.00479423  0.94538407  0.0498217 ]
[ 0.00285555  0.91230697  0.08483748]
[ 0.00239583  0.93792577  0.0596784 ]
[ 0.01266547  0.94643393  0.0409006 ]
[ 0.07626815  0.90142461  0.02230724]
[ 0.10232027  0.03613808  0.86154165]
[ 0.86101096  0.06466714  0.0743219 ]
[ 0.04319481  0.93630063  0.02050455]
[ 0.04120528  0.86434118  0.09445355]
[ 0.92138866  0.01311519  0.06549615]
[ 0.0171103   0.92378768  0.05910202]
[ 0.00994112  0.93921472  0.05084416]
[ 0.06570136  0.87666813  0.05763051]
[ 0.02814962  0.91457578  0.05727461]
[ 0.89715229  0.03414028  0.06870743]
[ 0.86110559  0.06576376  0.07313066]
[ 0.85751986  0.0627303   0.07974984]
[ 0.93287601  0.02472842  0.04239557]
[ 0.90380997  0.07291715  0.02327288]
[ 0.93686933  0.02073671  0.04239396]
[ 0.85129006  0.1302154   0.01849454]
[ 0.00714444  0.89020175  0.10265381]
[ 0.93523406  0.03828076  0.02648517]
[ 0.01779075  0.05340148  0.92880778]
[ 0.850084    0.04585734  0.10405866]
[ 0.88265327  0.06788775  0.04945898]
[ 0.04385624  0.03115107  0.92499269]
[ 0.93035301  0.005505    0.06414199]
[ 0.86021157  0.13604229  0.00374614]
[ 0.94207177  0.03922564  0.01870259]
[ 0.06686664  0.00214821  0.93098515]
[ 0.89674346  0.0414705   0.06178604]
[ 0.8946659   0.06115522  0.04417888]
[ 0.9338045   0.04824249  0.01795301]
[ 0.91636462  0.07062716  0.01300822]
[ 0.85261063  0.03725185  0.11013752]
[ 0.87032529  0.12681622  0.00285849]
[ 0.04857994  0.06209502  0.88932504]
[ 0.06087838  0.0449422   0.89417942]
[ 0.10208376  0.02038468  0.87753156]
[ 0.00589077  0.10342672  0.89068251]
[ 0.87385729  0.09939227  0.02675044]
[ 0.0136002  0.1005453  0.8858545]
[ 0.01846754  0.07831642  0.90321604]
[ 0.08274731  0.91196335  0.00528934]
[ 0.00357644  0.08267382  0.91374974]
[ 0.88896818  0.07962755  0.03140427]
[ 0.06143543  0.05572792  0.88283665]
[ 0.8567163   0.11607576  0.02720794]
[ 0.03140636  0.05964575  0.90894789]
[ 0.8944101   0.00835262  0.09723728]
[ 0.02488031  0.03975227  0.93536742]
[ 0.04463471  0.02654251  0.92882278]
[ 0.04061002  0.08483435  0.87455563]
[ 0.05251546  0.01728764  0.93019691]
[ 0.03289595  0.10267202  0.86443204]
[ 0.09684709  0.0106681   0.89248481]
[ 0.0342127   0.03389334  0.93189395]
[ 0.07682282  0.05770546  0.86547172]
[ 0.05525861  0.09469788  0.8500435 ]
[ 0.01258676  0.06796755  0.91944569]
[ 0.06778984  0.87920407  0.0530061 ]
[ 0.00467561  0.12290167  0.87242272]
[ 0.06518228  0.87695373  0.05786398]
[ 0.0222042   0.90823228  0.06956353]
[ 0.10165259  0.88001501  0.0183324 ]
[ 0.01845787  0.85138059  0.13016154]
[ 0.04950681  0.94728292  0.00321027]
[ 0.05865842  0.87671572  0.06462586]
[ 0.00178461  0.89579121  0.10242418]
[ 0.09331009  0.89970641  0.0069835 ]
[ 0.06170565  0.88961129  0.04868306]
[ 0.01476999  0.92051839  0.06471162]
[ 0.03696246  0.87337003  0.08966752]
[ 0.07225568  0.87924798  0.04849634]
[ 0.05993266  0.93298729  0.00708004]
[ 0.0467833   0.93877683  0.01443987]
[ 0.87087497  0.1143669   0.01475813]
[  9.41604429e-01   5.76997185e-02   6.95852322e-04]
[  9.10058128e-01   3.19892530e-04   8.96219796e-02]
[ 0.93537848  0.05069104  0.01393048]
[ 0.87790065  0.02240206  0.09969729]
[ 0.86441982  0.00435977  0.13122042]
[ 0.87524596  0.1185773   0.00617675]
[ 0.03714999  0.0584609   0.90438911]
[ 0.86961338  0.01495727  0.11542936]
[ 0.07521674  0.03053735  0.89424592]
[ 0.94659979  0.0044072   0.04899301]
[ 0.0148872   0.08677789  0.89833491]
[ 0.90235754  0.0803901   0.01725235]
[ 0.06979739  0.07037659  0.85982602]
[ 0.86782043  0.05742579  0.07475378]
[ 0.05576073  0.86445124  0.07978803]
[ 0.85427669  0.08581279  0.05991052]
[ 0.03151675  0.03284677  0.93563647]
[ 0.90867665  0.02009352  0.07122983]
[ 0.11959431  0.03020409  0.8502016 ]
[ 0.91445859  0.03747783  0.04806358]
[ 0.88707683  0.09412296  0.01880021]
[ 0.08856865  0.01220213  0.89922922]
[ 0.87001585  0.05570108  0.07428307]
[  3.84776850e-04   6.54176489e-02   9.34197574e-01]
[ 0.91654172  0.02582111  0.05763716]
[ 0.01840269  0.08416673  0.89743058]
[ 0.85974047  0.09058078  0.04967874]
[ 0.06014215  0.01466768  0.92519017]
[ 0.0251764   0.93003867  0.04478493]
[ 0.06345229  0.8807809   0.05576681]
[ 0.04623773  0.05213396  0.90162831]
[ 0.90638166  0.02720673  0.06641161]
[ 0.07614655  0.03435979  0.88949366]
[ 0.86721199  0.08998865  0.04279936]
[ 0.00980676  0.08967636  0.90051688]
[ 0.8813337   0.02405556  0.09461074]
[ 0.04804781  0.09719942  0.85475277]
[  9.47465203e-01   4.58298453e-04   5.20764985e-02]
[ 0.03755998  0.10300554  0.85943448]
[ 0.93002369  0.0588333   0.01114301]
[ 0.00997831  0.08491687  0.90510482]
[ 0.00194595  0.08972865  0.9083254 ]
[ 0.86123925  0.04020911  0.09855165]
[ 0.00949583  0.09040547  0.9000987 ]
[ 0.11183257  0.02266728  0.86550015]
[ 0.9113643   0.03584606  0.05278964]
[ 0.08838142  0.03236376  0.87925482]
[ 0.05243317  0.03591487  0.91165196]
[ 0.04962818  0.00136979  0.94900204]
[ 0.05138505  0.00770288  0.94091206]
[ 0.06835331  0.0400454   0.89160129]
[ 0.01412921  0.06722578  0.918645  ]
[ 0.01178812  0.13366551  0.85454637]
[ 0.11961573  0.02361877  0.8567655 ]
[ 0.12424932  0.01262931  0.86312137]
[ 0.04029138  0.01943123  0.94027739]
[ 0.03991501  0.06779341  0.89229158]
[ 0.01502535  0.08888545  0.8960892 ]
[ 0.04785247  0.09258229  0.85956525]
[ 0.09522212  0.04125476  0.86352312]
[ 0.04357908  0.04045814  0.91596279]
[ 0.04466433  0.00655357  0.9487821 ]
[ 0.00345238  0.07723833  0.91930928]
[ 0.00293234  0.06243417  0.9346335 ]
[ 0.04324631  0.04979887  0.90695482]
[ 0.92852048  0.02948178  0.04199774]
[ 0.9413618   0.00918575  0.04945245]
[ 0.87343493  0.03181521  0.09474986]
[ 0.06853482  0.90977014  0.02169504]
[ 0.02724187  0.93042112  0.04233701]
[ 0.00611183  0.93981977  0.0540684 ]
[ 0.00792244  0.05779769  0.93427987]
[ 0.02482793  0.03150307  0.94366899]
[ 0.05883778  0.01122417  0.92993805]
[ 0.9089992   0.0030316   0.08796919]
[ 0.01856516  0.08753828  0.89389656]
[ 0.07479606  0.07216735  0.85303659]
[ 0.07192456  0.07781893  0.8502565 ]
[ 0.01115356  0.07884361  0.91000283]
[ 0.94850251  0.00588553  0.04561196]
[ 0.0453691   0.00513492  0.94949598]
[ 0.89492415  0.01039413  0.09468172]
[ 0.88408977  0.11214765  0.00376258]
[ 0.08384285  0.04794447  0.86821268]
[ 0.90573633  0.02229101  0.07197267]
[ 0.88452091  0.09332741  0.02215169]
[ 0.01418605  0.05891416  0.92689979]
[ 0.08218944  0.02500994  0.89280062]
[ 0.87804866  0.04605805  0.07589328]
[ 0.03387752  0.0434375   0.92268498]
[ 0.01276432  0.04692336  0.94031232]
[ 0.91981371  0.06065937  0.01952693]
[ 0.05702812  0.06790527  0.8750666 ]
[ 0.05549948  0.91132718  0.03317335]
[ 0.10098939  0.85562058  0.04339003]
[ 0.03927948  0.85873347  0.10198705]
[ 0.05207847  0.02196279  0.92595874]
[ 0.05047741  0.05070451  0.89881808]
[ 0.00184063  0.04898213  0.94917724]
[ 0.04596434  0.04095004  0.91308562]
[ 0.01271527  0.08215972  0.905125  ]
[ 0.08395615  0.00732166  0.90872219]
[ 0.11161204  0.03115609  0.85723186]
[ 0.04854189  0.02167741  0.92978071]
[ 0.04989859  0.08659579  0.86350562]
[ 0.0810914   0.02825754  0.89065106]
[ 0.08483093  0.06018355  0.85498552]
[ 0.04261794  0.04317241  0.91420966]
[ 0.02769421  0.09791742  0.87438837]
[ 0.0185923   0.06680141  0.91460628]
[ 0.02909474  0.02426037  0.9466449 ]
[ 0.00979049  0.13786457  0.85234493]
[ 0.07186598  0.05273012  0.8754039 ]
[ 0.10593844  0.01857491  0.87548665]
[ 0.04323246  0.01348167  0.94328588]
[ 0.04245375  0.03324511  0.92430114]
[ 0.86759575  0.1281539   0.00425035]
[ 0.05069548  0.06677589  0.88252863]
[ 0.00935462  0.10307734  0.88756805]
[ 0.00880692  0.07929904  0.91189403]
[ 0.04683919  0.06723107  0.88592974]
[ 0.06626869  0.03907582  0.89465548]
[ 0.03447137  0.01618595  0.94934268]
[ 0.86615774  0.13045942  0.00338284]
[ 0.92755024  0.06402392  0.00842584]
[ 0.85850622  0.08654376  0.05495002]
[ 0.9445565   0.02551898  0.02992452]
[ 0.94705979  0.03881773  0.01412248]
[ 0.89547807  0.00891518  0.09560675]
[ 0.90684942  0.00908207  0.08406851]
[ 0.85009756  0.05690373  0.09299871]
[ 0.03692467  0.89831711  0.06475822]
[ 0.09778446  0.8789376   0.02327794]
[ 0.06066293  0.9227155   0.01662158]
[ 0.13935951  0.85220399  0.0084365 ]
[ 0.03632873  0.85699258  0.10667869]
[ 0.12156926  0.87519824  0.0032325 ]
[ 0.04732561  0.92201352  0.03066087]
[ 0.92537947  0.02132575  0.05329478]
[ 0.08265092  0.88454741  0.03280167]
[ 0.06908129  0.90632202  0.02459669]
[ 0.04251865  0.88147719  0.07600416]
[ 0.03745818  0.94671631  0.01582551]
[ 0.08075859  0.91473259  0.00450881]
[ 0.08719546  0.90642279  0.00638175]
[ 0.06603307  0.93177849  0.00218844]
[ 0.00838352  0.93998365  0.05163282]
[ 0.86378558  0.03739616  0.09881826]
[ 0.89573081  0.02655803  0.07771116]
[ 0.8604975   0.10936286  0.03013964]
[ 0.94399744  0.00652658  0.04947598]
[ 0.90206114  0.03168571  0.06625314]
[ 0.92715439  0.02465919  0.04818642]
[ 0.90074221  0.09236309  0.0068947 ]
[ 0.94876655  0.04550374  0.00572971]
[ 0.89106398  0.03894422  0.0699918 ]
[ 0.09488664  0.01067764  0.89443572]
[ 0.06630049  0.04344481  0.8902547 ]
[ 0.01492791  0.04151651  0.94355558]
[ 0.02095175  0.04943361  0.92961464]
[ 0.03597715  0.01853416  0.9454887 ]
[ 0.03370294  0.02588554  0.94041152]
[ 0.04972135  0.8990898   0.05118885]
[ 0.01047148  0.94551257  0.04401595]
[ 0.09617645  0.86677512  0.03704843]
[ 0.09491192  0.87699672  0.02809137]
[ 0.02787035  0.86186892  0.11026073]
[ 0.02720013  0.06641356  0.90638632]
[ 0.02394997  0.07611741  0.89993262]
[ 0.03965974  0.07626144  0.88407883]
[ 0.93433906  0.03183818  0.03382276]
[ 0.04831027  0.08779353  0.86389621]
[ 0.85839822  0.0386286   0.10297318]
[ 0.85525568  0.03411212  0.1106322 ]
[ 0.8767874   0.11475264  0.00845996]
[ 0.06130567  0.03419832  0.90449601]
[ 0.93775165  0.05119042  0.01105793]
[ 0.08506302  0.00789645  0.90704053]
[ 0.87017024  0.01679635  0.11303342]
[ 0.02553149  0.08280381  0.8916647 ]
[ 0.06915759  0.00723106  0.92361136]
[ 0.93795444  0.03940647  0.02263908]
[ 0.09582966  0.01395459  0.89021575]
[ 0.10319383  0.02828925  0.86851692]
[ 0.07728782  0.06293395  0.85977823]
[ 0.04897076  0.04418863  0.90684061]
[ 0.89100366  0.05723773  0.05175861]
[ 0.87939799  0.11539805  0.00520396]
[ 0.04317436  0.09098103  0.86584461]
[ 0.02652906  0.02705176  0.94641918]
[ 0.00207269  0.93862709  0.05930022]
[ 0.09746238  0.87587879  0.02665883]
[ 0.00701976  0.94989604  0.0430842 ]
[ 0.0311156   0.94826672  0.02061768]
[ 0.01688736  0.9408086   0.04230404]
[ 0.06870806  0.85171884  0.0795731 ]
[ 0.01638395  0.86482686  0.11878919]
[ 0.87553511  0.02922327  0.09524163]
[ 0.88639564  0.08260062  0.03100375]
[ 0.87954817  0.03366461  0.08678722]
[ 0.9210591   0.04692732  0.03201358]
[ 0.02354494  0.9099173   0.06653776]
[ 0.01348992  0.94616576  0.04034432]
[ 0.06778597  0.883354    0.04886003]
[ 0.13588893  0.8585994   0.00551167]
[ 0.0887793   0.88855273  0.02266797]
[ 0.07913822  0.91378744  0.00707434]
[ 0.07066845  0.86812538  0.06120617]
[ 0.85861645  0.06233635  0.0790472 ]
[ 0.93709719  0.00617486  0.05672796]
[ 0.92184721  0.06261067  0.01554212]
[ 0.0943294   0.02188885  0.88378176]
[ 0.01481619  0.90582884  0.07935497]
[ 0.0111151   0.05292694  0.93595796]
[ 0.03413604  0.92174714  0.04411683]
[ 0.08558333  0.89894098  0.01547569]
[ 0.03340578  0.9305673   0.03602691]
[ 0.0138097   0.85851825  0.12767205]
[ 0.06449311  0.04329718  0.8922097 ]
[ 0.94617257  0.01464574  0.03918169]
[ 0.86566792  0.0361457   0.09818638]
[ 0.94507079  0.04633775  0.00859146]
[ 0.064424    0.05958623  0.87598977]
[ 0.86290167  0.00860054  0.1284978 ]
[ 0.05316798  0.07876296  0.86806905]
[ 0.02326253  0.06069297  0.9160445 ]
[ 0.01116     0.07237705  0.91646295]
[ 0.03392078  0.09930727  0.86677195]
[ 0.11705552  0.03165886  0.85128562]
[ 0.92481081  0.0474613   0.02772788]
[ 0.10759788  0.86225855  0.03014357]
[ 0.01509859  0.92916834  0.05573307]
[ 0.11811009  0.00091419  0.88097572]
[ 0.00859339  0.88331796  0.10808865]
[ 0.06400215  0.88441476  0.05158309]
[ 0.04471173  0.87749765  0.07779062]
[ 0.01281991  0.93859714  0.04858295]
[ 0.01264331  0.92918694  0.05816975]
[ 0.02155008  0.93977767  0.03867225]
[ 0.04189774  0.93743322  0.02066904]
[ 0.10767379  0.86470026  0.02762595]
[ 0.06566524  0.87818644  0.05614833]
[ 0.01086318  0.92645651  0.06268031]
[ 0.07958649  0.86236696  0.05804654]
[ 0.02860401  0.90027383  0.07112216]
[ 0.05931483  0.9261475   0.01453766]
[ 0.00329156  0.94073735  0.05597109]
[ 0.05939277  0.92593694  0.01467029]
[ 0.01627425  0.03529247  0.94843328]
[ 0.03301736  0.04871057  0.91827208]
[ 0.06308862  0.00976387  0.92714752]
[ 0.03764174  0.06427711  0.89808116]
[ 0.04286229  0.01448757  0.94265013]
[ 0.06431444  0.01845995  0.91722561]
[ 0.00370449  0.11641846  0.87987705]
[ 0.03150015  0.03863078  0.92986908]
[ 0.87587495  0.05412343  0.07000162]
[ 0.03446562  0.11380056  0.85173382]
[ 0.00410884  0.12671913  0.86917203]
[ 0.07278744  0.03951531  0.88769725]
[ 0.02318789  0.11527811  0.86153401]
[ 0.02801307  0.0638597   0.90812724]
[ 0.06443065  0.02322538  0.91234397]
[ 0.05670262  0.0135929   0.92970448]
[ 0.04975756  0.07095404  0.87928841]
[ 0.11364552  0.0316911   0.85466338]
[ 0.09995186  0.00260726  0.89744088]
[ 0.93181891  0.00410542  0.06407568]
[ 0.94671312  0.03985757  0.01342932]
[ 0.91307417  0.06064522  0.0262806 ]
[ 0.8920312   0.0477971   0.06017171]
[ 0.87717471  0.09422854  0.02859675]
[ 0.86131519  0.06687203  0.07181278]
[ 0.87025404  0.10351617  0.02622979]
[ 0.0546447   0.93871182  0.00664348]
[ 0.0459905   0.93530169  0.0187078 ]
[ 0.1252673   0.86997278  0.00475992]
[ 0.01143231  0.88457289  0.10399479]
[ 0.04047102  0.90424401  0.05528497]
[ 0.04896761  0.8876828   0.06334959]
[ 0.0876648   0.88120225  0.03113295]
[ 0.09286122  0.88990753  0.01723124]
[ 0.0181522   0.90997191  0.07187588]
[ 0.09195084  0.86929658  0.03875259]
[ 0.11184891  0.88221221  0.00593888]
[ 0.01180248  0.07618611  0.91201141]
[ 0.02339744  0.0443492   0.93225335]
[ 0.10665204  0.03942092  0.85392704]
[ 0.00937998  0.10358008  0.88703995]
[ 0.0919478   0.00423177  0.90382043]
[ 0.05124772  0.94556377  0.00318851]
[ 0.86601319  0.12088431  0.0131025 ]
[ 0.03543802  0.0160468   0.94851517]
[ 0.87373144  0.0723114   0.05395716]
[ 0.94009162  0.02048992  0.03941845]
[ 0.85007473  0.03019155  0.11973372]
[ 0.9200464   0.07603235  0.00392126]
[ 0.91293899  0.04432913  0.04273188]
[ 0.05858622  0.00246037  0.93895341]
[ 0.02512348  0.11471712  0.8601594 ]
[ 0.04294461  0.8885854   0.06846999]
[ 0.04847414  0.03208863  0.91943724]
[ 0.06128748  0.91477099  0.02394153]
[ 0.90046959  0.05492514  0.04460527]
[ 0.9450921  0.0063766  0.0485313]
[ 0.86444111  0.08873015  0.04682874]
[ 0.92545954  0.06990605  0.00463441]
[ 0.85574402  0.1192758   0.02498017]
[ 0.94326801  0.03791568  0.01881631]
[ 0.87511753  0.11843914  0.00644333]
[ 0.89677596  0.05979091  0.04343313]
[ 0.94312371  0.04126681  0.01560948]
[ 0.86565887  0.0292545   0.10508664]
[ 0.85320434  0.10749781  0.03929786]
[ 0.85634279  0.09661622  0.04704099]
[ 0.87917273  0.1002097   0.02061757]
[ 0.93779887  0.02752713  0.03467401]
[ 0.04211236  0.04970635  0.90818129]
[ 0.85531649  0.11703682  0.02764669]
[ 0.06760707  0.00773122  0.92466171]
[ 0.06197231  0.00427932  0.93374837]
[ 0.0287405   0.04403543  0.92722407]
[ 0.05864207  0.08738075  0.85397718]
[ 0.03222835  0.04185152  0.92592012]
[ 0.04932786  0.06327882  0.88739332]
[ 0.02065697  0.03073155  0.94861148]
[ 0.0901879   0.01345192  0.89636018]
[ 0.02637624  0.07609863  0.89752512]
[ 0.0151858   0.10182647  0.88298773]
[ 0.02856891  0.05588315  0.91554794]
[ 0.02853136  0.07440182  0.89706681]
[ 0.90829817  0.02881757  0.06288425]
[ 0.8956515   0.09547225  0.00887625]
[ 0.02628052  0.07076728  0.90295219]
[ 0.06014261  0.89068604  0.04917135]
[ 0.0649226  0.9071841  0.0278933]
